|   ra          |    dec      |
|   double      |    double   |
|   deg         |    deg      |
|   null        |    null     |
  205.04476857    26.84104106
  319.19309865    11.04374079
  258.82741019    57.65877017
  258.15875180    57.32242143
  111.73368206    41.02669108
  136.08959832    41.48172900
  115.36871975    44.40879401
  117.47242101    45.24848350
  121.01420054    40.80261295
  166.12940783    42.62455442
  137.87476301    45.46832046
  202.12843640    47.71403841
  189.21325254    45.65117027
  143.51035481    50.02748593
  155.88555557    46.05775474
  245.24831383    49.00177722
  243.58182128    50.46561066
  240.47087097    45.35194016
  198.14184292    48.36661384
  226.43166142    44.40490237
  229.30891422    44.01803138
  197.89183350    44.93307820
  197.23931905    45.90544698
  186.18099663    44.41077116
  206.61245604    22.07674195
  248.42638575    39.18511968
  255.02986975    37.83950214
  243.15503732    39.41902354
  262.99672207    59.97163809
  254.54208400    62.41564796
  247.15933346    39.55126603
  254.56457477    39.39146353
  249.55730571    40.14682094
  247.04817062    39.82189827
  39.44658710     0.40508516
  118.62784346    25.81598648
  118.05321440    28.77257956
  50.74167638     0.05413740
  120.70070648    45.03455353
  119.18215179    44.85670853
  127.17809381    45.74255503
  132.65399170    57.35966754
  119.92067242    50.83997253
  166.50987937    43.17347263
  127.17080045    17.58140032
  126.05963343    17.33195052
  121.14792839    50.70855619
  217.62997068    52.70715903
  249.55861076    41.93881024
  249.37198614    40.87994738
  247.90799589    41.49364310
  241.82338918    41.40360426
  167.30601960    49.51943240
  168.95772693    46.31956445
  168.94779968    50.40163422
  173.91123359    47.51551973
  224.74964693    48.40985542
  249.31841922    44.41822961
  247.56097296    26.20647356
  222.81006940    30.69224572
  241.02907519    44.54976544
  245.34664689    32.34901365
  203.19009399    26.58037567
  315.83130601    10.94416903
  246.05076360    30.16226141
  258.49584116    33.60713750
  29.05222870     14.90663913
  49.48780082     -0.16910058
  119.48633742    39.99336516
  45.95462418     -1.10374999
  120.08741760    26.61352730
  121.92080625    39.00423888
  165.39153062    45.65386798
  171.65726192    51.57304126
  121.77993749    36.23347854
  123.33054433    46.14715656
  177.44036019    50.52701641
  203.85024047    27.91188993
  203.83020812    26.42478084
  205.28273099    23.28205543
  208.28908323    51.81250093
  129.60003662    25.75450134
  129.52069442    25.32950530
  127.10595389    26.39737016
  127.10781826    25.01463501
  223.86745920    32.84002812
  126.21641076    20.99121646
  128.34193115    25.10492532
  129.54557441    24.89529459
  129.31211748    4.69587606
  129.36236335    3.95569024
  173.53756714    49.25456238
  173.93315132    49.03764925
  200.22283713    32.19076075
  246.25597702    24.26315565
  241.91363935    23.41686603
  262.39928272    54.49442367
  204.80691269    24.89307594
  255.52330884    31.79742915
  235.47582316    28.13397939
  256.19676881    24.58399269
  7.38700089      -1.09569961
  7.08555272      -0.21786931
  120.01689430    23.43784861
  117.23952599    17.57712071
  118.16230011    18.32160568
  119.20758231    17.38030338
  124.69829755    24.53742982
  119.97283173    23.39008331
  120.99668420    23.75566664
  121.03707221    24.55861092
  118.42323037    26.49269906
  120.08238160    26.70144225
  118.07109070    25.66908073
  123.85737837    37.34051860
  122.93874449    23.47382822
  130.40777588    54.91857147
  126.08437336    20.53324202
  163.66383826    47.86228180
  187.41914370    36.19941685
  186.25119440    40.15731182
  144.62822000    2.57328000
  145.15161133    3.57702112
  179.11726714    55.12520903
  177.77866717    55.07871742
  126.01536358    51.90433092
  206.66999946    52.47681423
  126.35845579    53.96893425
  184.65202947    51.41473242
  183.37198993    50.74152931
  124.06408997    57.53054173
  122.97298064    57.95189255
  207.60822606    23.45693373
  206.62656506    23.09718957
  160.22887016    5.99188960
  241.94466870    25.53751127
  240.04449572    27.60514017
  214.09644676    38.19098615
  241.15272419    23.66318359
  213.23023003    39.31265228
  182.25372840    42.47525684
  248.38390676    24.98472162
  198.95890385    46.33883000
  258.11852876    35.88408629
  257.00137113    36.34442082
  240.77950777    24.52398964
  240.47507782    31.89206169
  241.45276963    30.71705874
  226.93746096    51.45283176
  243.07339375    28.42955087
  241.71736145    27.92754173
  313.90214116    -0.63658579
