# the selected AGNs
plateifu ra dec mangaid BPT_x BPT_y EW_Ha is_limit edge_on 
7495-1902 205.044768573 26.8410410581 12-129608 -0.49598774313926697 0.6899823546409607 4.434834957122803 0 0.5 
7815-6104 319.193098655 11.0437407875 1-113712 -0.027410242706537247 0.9426983594894409 67.97575378417969 0 0 
7991-6104 258.82741019 57.6587701679 1-24148 0.24625034630298615 0.9930230975151062 6.368241786956787 0 0.5 
7991-3702 258.158751804 57.3224214281 1-23979 -0.1977314054965973 0.48275935649871826 7.548041820526123 0 0 
8132-6101 111.733682055 41.0266910782 1-548024 0.01209196075797081 0.46090805530548096 9.873613357543945 0 0 
8247-6101 136.089598316 41.4817290009 1-217022 -0.07965685427188873 0.15799376368522644 4.21174430847168 0 0 
8137-3702 115.368719754 44.4087940076 1-574402 0.08911055326461792 0.7996183037757874 15.94538402557373 0 0 
8141-1901 117.472421015 45.2484834965 1-339094 -0.10372020304203033 0.7885287404060364 7.816201686859131 0 0 
8256-12704 166.129407835 42.6245544187 1-558912 0.04632899910211563 0.7491806745529175 19.344974517822266 0 0 
8143-6101 121.014200537 40.8026129505 1-72322 0.21183359622955322 0.8274161219596863 11.604175567626953 0 0 
8249-3704 137.874763008 45.4683204593 1-137883 -0.11062366515398026 0.7287522554397583 8.257783889770508 0 0 
8319-12705 202.128436403 47.7140384144 1-234618 -0.13973881304264069 0.5454820394515991 5.759635925292969 0 1.0 
8341-12704 189.213252539 45.6511702678 1-620993 -0.016899116337299347 0.6026870012283325 16.82053565979004 0 0 
8329-3701 213.432186232 43.6624813137 1-569225 0.0014513282803818583 0.0743633583188057 10.063239097595215 0 0 
8439-6104 143.510354813 50.0274859311 1-585632 -0.07291112840175629 0.23500268161296844 7.386946678161621 0 0 
8452-1901 155.88555557 46.0577547418 1-167688 -0.11649098247289658 0.8820164203643799 4.461062431335449 0 0 
8483-12703 245.248313831 49.0017772161 1-542318 0.09020374715328217 0.6193281412124634 5.512020111083984 0 0 
8482-12704 243.581821279 50.4656106608 1-92866 0.09645772725343704 0.5911537408828735 5.902978420257568 0 0 
8549-12701 240.470870972 45.351940155 1-209980 -0.003747271839529276 0.6677247881889343 11.47729778289795 0 0 
8465-12704 198.141842919 48.3666138423 1-576537 -0.15060921013355255 0.6231998801231384 9.17308521270752 0 0.9 
8552-9102 229.308914218 44.0180313812 1-322113 0.00017095089424401522 0.11358194798231125 4.10968017578125 0 0 
8552-12701 226.431661417 44.4049023746 1-321739 -0.1350766122341156 0.5909777879714966 5.180808067321777 0 0.9 
8318-3704 197.891833505 44.9330782011 1-575704 -0.035049133002758026 0.7491849660873413 6.570655822753906 0 0 
8318-6102 197.239319048 45.9054469821 1-284293 0.025410154834389687 0.15086877346038818 44.345664978027344 0 0 
8464-6101 186.180996627 44.4107711556 1-258599 -0.23140046000480652 0.5994620323181152 47.98473358154297 0 0 
8320-3704 206.612456043 22.0767419456 1-519742 -0.16583310067653656 0.8149875402450562 7.962823867797852 0 0 
8550-3704 248.426385752 39.1851196817 1-211311 0.2744098901748657 0.7346412539482117 5.882089614868164 0 0 
8606-12701 255.029869751 37.8395021377 1-95585 0.19918955862522125 0.693557858467102 3.914008140563965 0 0 
8611-3704 262.996722074 59.9716380852 1-25725 -0.16294999420642853 0.3583308160305023 5.279904365539551 0 0 
7992-9102 254.542083999 62.4156479613 1-22948 0.20165425539016724 1.0394102334976196 10.643497467041016 0 0 
8603-6101 247.159333462 39.551266027 1-594493 0.2723304033279419 0.1479051411151886 5.563036918640137 0 0 
8612-12702 253.946381525 39.3105364276 1-96075 -0.04658091813325882 0.4536794126033783 3.7943615913391113 0 0 
8612-12704 254.564574769 39.3914635326 1-96151 0.0211902167648077 1.014358401298523 29.371362686157227 0 0.5 
8588-12704 249.557305714 40.1468209363 1-135641 0.02123306132853031 0.8040372133255005 6.738424777984619 0 0 
8602-12701 247.048170623 39.8218982679 1-569169 0.24272359907627106 0.39141517877578735 7.331216812133789 0 0 
8077-6103 39.4465871047 0.405085157798 1-109056 -0.10849146544933319 0.484603613615036 11.456171035766602 0 0 
8147-6102 118.627843459 25.8159864765 1-163831 0.1512245237827301 0.25569528341293335 5.147774696350098 0 0 
8146-12705 118.053214402 28.7725795647 1-201561 0.24548682570457458 0.47787970304489136 3.6940698623657227 0 0 
8084-6103 50.7416763778 0.0541373977095 1-38007 -0.012677021324634552 0.1484420746564865 6.017413139343262 0 0.5 
8718-12702 120.700706482 45.0345535278 1-44379 0.05206284672021866 0.8292939066886902 11.202651023864746 0 0 
8718-12701 119.182151794 44.8567085266 1-44303 -0.04438868165016174 0.7069560885429382 10.604333877563477 0 0 
8725-9102 127.178093813 45.7425550277 1-574519 -0.19065622985363007 0.6380638480186462 20.957563400268555 0 0 
10001-6102 132.653991697 57.3596675436 1-48116 -0.07752090692520142 0.5259392857551575 11.812586784362793 0 0 
8715-3702 119.920672417 50.8399725276 1-604907 0.1045803353190422 1.2000383138656616 108.75086212158203 0 0 
8255-6101 166.509879371 43.1734726281 1-256446 0.024128487333655357 0.49296489357948303 6.9033637046813965 0 0 
8241-6102 126.059633434 17.3319505175 1-460288 -0.04713981971144676 0.8263155817985535 28.708576202392578 0 0 
8241-9102 127.170800449 17.5814003238 1-460812 -0.05605176463723183 0.6260116696357727 8.253423690795898 0 0.5 
8720-1901 121.14792839 50.7085561945 1-351790 -0.3015364408493042 1.0096988677978516 5.492858409881592 0 0 
8547-12701 217.629970676 52.7071590288 1-593159 -0.11958116292953491 0.3466249704360962 17.663204193115234 0 0 
8978-9101 247.907995888 41.4936431012 1-135044 0.1687972992658615 0.3486179709434509 5.578207969665527 0 0 
8978-12705 249.558610758 41.9388102427 1-569095 -0.031618960201740265 0.17397540807724 9.445008277893066 0 0 
8978-6102 249.371986141 40.8799473806 1-135668 -0.030517803505063057 0.11626031249761581 3.9332642555236816 0 0.5 
8979-6102 241.823389178 41.4036042555 1-248420 0.05765806511044502 0.6167522668838501 3.943577766418457 0 0 
8948-12704 167.306019605 49.5194324004 1-173958 -0.03791855648159981 0.2724563479423523 17.063791275024414 0 0 
8946-3701 168.957726925 46.3195644483 1-279147 -0.09941508620977402 0.5159964561462402 6.682051181793213 0 0 
8947-3701 168.947799683 50.4016342163 1-149211 -0.37941408157348633 0.8779813647270203 15.976252555847168 0 0.5 
8945-3703 173.911233586 47.5155197298 1-279666 -0.00635953526943922 0.4456561207771301 3.549635410308838 0 0 
8597-3703 224.749646935 48.4098554221 1-198182 0.07629899680614471 0.21422263979911804 5.376258373260498 0 0 
9026-9101 249.318419223 44.4182296144 1-94784 0.20300132036209106 0.9013224840164185 5.390599250793457 0 0 
9049-1901 247.560972961 26.2064735616 1-269632 -0.050625067204236984 0.38044819235801697 22.73785972595215 0 0 
9002-12702 222.810069402 30.6922457183 1-373161 0.41131478548049927 0.49755337834358215 3.595705270767212 0 0 
9031-1902 241.029075186 44.5497654429 1-209707 -0.22818875312805176 0.6297557353973389 13.31669807434082 0 0 
9027-12704 245.346646891 32.3490136493 1-323794 -0.1692844182252884 0.6941311359405518 31.98961639404297 0 0 
8982-3703 203.190093994 26.5803756714 1-458092 -0.30954617261886597 0.8773080110549927 58.03547668457031 0 0 
7972-6103 315.831306013 10.944169029 1-113368 -0.019926119595766068 0.11644472181797028 6.9333038330078125 0 0 
9025-12704 246.050763599 30.162261411 1-633942 0.19641391932964325 0.7390720844268799 4.265923500061035 0 0 
7958-9101 258.495841161 33.6071374989 1-547402 -0.30699318647384644 0.6755921840667725 19.886184692382812 0 0.5 
9195-3703 29.0522287022 14.9066391304 1-603039 -0.1000661700963974 0.3807653784751892 40.800148010253906 0 0 
8080-12703 49.4878008228 -0.16910058475 1-604022 0.21430930495262146 0.32709115743637085 3.2560386657714844 0 0 
9182-6102 119.486337418 39.9933651629 1-71987 -0.0235648974776268 0.8881436586380005 10.36743450164795 0 0 
9193-12701 45.954624176 -1.10374999046 1-37440 -0.25648555159568787 0.9643958806991577 7.496251583099365 0 0.5 
8940-12702 120.087417603 26.613527298 1-163966 0.043354228138923645 0.9612466096878052 10.133108139038086 0 0 
9183-3703 121.920806254 39.0042388809 1-122304 0.015558760613203049 0.4565389156341553 23.29121971130371 0 0 
8993-12705 165.391530621 45.6538679753 1-277279 0.01740224100649357 1.0747432708740234 32.73442459106445 0 0 
8992-3702 171.657261919 51.5730412626 1-149561 -0.08659982681274414 0.5765816569328308 10.388354301452637 0 0 
9485-12705 121.779937488 36.2334785413 1-153627 -0.1403004229068756 0.8426551222801208 10.373061180114746 0 0 
9487-3702 123.330544326 46.1471565611 1-574506 0.05974891781806946 0.908909797668457 6.132236003875732 0 0 
8989-3703 177.440360191 50.5270164143 1-617323 -0.0009232718730345368 0.9878798127174377 5.806661605834961 0 0 
8984-9102 203.850240471 27.9118899255 1-626669 -0.08123321831226349 0.21102307736873627 8.781116485595703 0 0 
8983-12701 203.830208122 26.424780837 1-626658 0.022132525220513344 0.7183785438537598 7.2218546867370605 0 0 
8311-6104 205.282730985 23.2820554311 1-568584 0.08679543435573578 0.5377277135848999 34.13109588623047 0 0 
8309-12701 208.289083232 51.8125009315 1-196597 0.0033783651888370514 0.6595873236656189 4.362841606140137 0 0.9 
9507-12704 129.600036621 25.7545013428 1-605367 -0.02037198469042778 0.12953129410743713 11.985000610351562 0 0 
9507-12705 129.520694425 25.3295052986 1-585206 -0.03933993726968765 1.0376760959625244 7.451788425445557 0 0 
9508-12704 127.105953892 26.3973701601 1-298938 -0.07524764537811279 0.36897701025009155 13.915372848510742 0 0 
9508-3704 127.107818258 25.0146350066 1-298778 0.173992320895195 1.0239472389221191 4.042873382568359 0 0 
9024-12705 223.867459205 32.8400281225 1-314409 0.08874296396970749 0.1903059184551239 15.505873680114746 0 0 
9488-3702 126.216410759 20.9912164628 1-384124 -0.02684830315411091 0.6246264576911926 3.628081798553467 0 0.8 
9502-12703 129.545574407 24.8952945876 1-385099 0.26170843839645386 1.0049949884414673 20.789079666137695 0 0 
8990-12705 173.537567139 49.2545623779 1-174631 -0.2910514771938324 0.9812562465667725 14.36407470703125 0 0 
8990-9101 173.933151315 49.0376492526 1-174390 -0.03573676943778992 0.3023587167263031 5.336465358734131 0 1.0 
8442-9102 200.222837131 32.1907607473 1-625513 -0.13239552080631256 0.7542478442192078 14.351638793945312 0 0 
9048-1902 246.255977023 24.2631556488 1-295542 -0.17170436680316925 0.4011845290660858 36.97080993652344 0 0 
9095-12701 241.913639345 23.4168660273 1-376413 -0.06359804421663284 0.3184903860092163 7.879652500152588 0 0 
9196-12703 262.399282723 54.4944236725 1-24660 0.016298286616802216 0.5256878733634949 12.811168670654297 0 0 
9881-1901 204.806912689 24.8930759381 1-458316 -0.14791318774223328 0.3886098563671112 6.907873630523682 0 0 
