SDSS        LOIII  ROIII RCont FWHM beta1 beta2 uplimit
J0157−0053  42.91  4.3  4.0  3.0  2.9 3.2 1
J1106+0357  42.52  4.0   4.1  2.8  2.9 3.2 0
J1124+0456  42.03  4.3   4.5  2.6  1.6 3.4 0      
J1253−0341  42.31  4.2   4.0  2.6  2.2 2.6 0
J1413−0142  42.25  3.8   3.8  2.7  3.7 3.8 0
J1507+0029  42.11  3.8   4.2  2.8  2.3 2.8 0
J2056+0057  42.60  4.3   4.0  2.9  2.7 3.2 0
J2126+0035  42.06  3.9   4.1  2.7  2.3 3.2 0
J2212−0944  41.39  4.2   4.0  2.7  2.5 2.6 0
J2240+0043  43.22  4.1  3.9  2.9  2.9 3.3 1
J2335−0050  42.85  4.3  3.8  2.8  3.2 3.3 1
 
