4.184210692635753759e+01
4.360083821883092270e+01
4.233955934625242179e+01
4.238634702719932790e+01
4.383068547499508583e+01
4.230547760358835063e+01
4.389757521368122895e+01
4.236058434306112730e+01
4.378952379520601568e+01
4.345857053698657069e+01
4.294449336779543103e+01
4.307182380268764632e+01
4.283029803836428329e+01
4.297469717336031181e+01
4.165677785091222773e+01
4.240163081779471810e+01
4.292845104766661279e+01
4.293533844700349533e+01
4.262700750539509897e+01
4.306207383250178822e+01
4.327931588650158545e+01
4.230640852203831770e+01
4.351308438609834894e+01
4.413894064971949405e+01
4.178807078843435363e+01
4.223132107665581003e+01
4.303952190299125391e+01
4.237110369599673731e+01
4.221743183650391984e+01
4.340631849136050846e+01
4.264966808095527995e+01
4.306023781549841090e+01
4.289916034589259652e+01
4.237197689179335214e+01
4.246358788664503692e+01
4.311378258827129883e+01
4.256938704776548121e+01
4.267836574222442891e+01
4.299905809630545406e+01
4.268206011301315073e+01
4.297005334656530806e+01
4.280274687394832256e+01
4.395644473116786344e+01
4.275686732473383245e+01
4.331752380743611752e+01
4.377875875213712220e+01
4.152457165211517776e+01
4.343091986372593283e+01
4.283117918063663154e+01
4.261303987685948158e+01
4.244977699854522513e+01
4.257677470240650308e+01
4.332496360049889716e+01
4.297322029822493761e+01
4.313788877805419020e+01
4.254634574337402597e+01
4.265761061949499577e+01
4.281963710510044052e+01
4.448514705688359072e+01
4.283050693565495237e+01
4.271446543068987722e+01
4.290487442714252353e+01
4.303099719428383452e+01
4.270757422521590740e+01
4.269616690446694207e+01
4.265889717017813609e+01
4.304254758144129056e+01
4.289623846439862120e+01
4.334842236283747496e+01
4.334073631833930307e+01
4.349058070465866876e+01
4.332214053616341687e+01
4.337833825809973121e+01
4.240926099697328056e+01
4.388313366543980010e+01
4.291734835078810306e+01
4.280425410322652624e+01
4.229323495231392371e+01
4.249031736736615983e+01
4.348076875746281900e+01
4.328898966866515252e+01
4.342682335337581634e+01
4.260246067437635986e+01
4.346632767136219400e+01
4.253943743819539947e+01
4.324416434919022123e+01
4.197997581703698700e+01
4.311069729019289554e+01
4.317069078332529841e+01
4.286053339406976193e+01
4.245438471582617268e+01
4.239439179748050179e+01
4.270883485426062975e+01
4.242201656463289794e+01
4.312094914517928856e+01
4.339631505891770047e+01
4.368999860201684271e+01
4.181395780781679150e+01
4.282836575143380742e+01
4.261045421793797061e+01
4.253731502852993174e+01
4.345112577717635105e+01
4.298098093157422284e+01
4.268194547235699332e+01
4.237224811835225324e+01
4.284590037781795502e+01
4.267369294990125184e+01
4.211211994131080871e+01
4.376755552785773062e+01
4.265530455687317613e+01
4.248047153910440699e+01
4.284254414961439750e+01
4.307465388173417864e+01
4.251576942299413275e+01
4.226783789139965108e+01
4.120348812140493777e+01
4.347579852882405760e+01
4.231304972815720333e+01
4.346781293305546257e+01
4.290302033695469675e+01
4.338277525179275074e+01
4.254044033208855780e+01
4.289414986868411717e+01
4.185408544117379392e+01
4.290727616809120093e+01
4.259125662515877764e+01
4.251253350310216916e+01
4.298670786420039747e+01
4.321449962803793454e+01
4.286579036762967831e+01
4.246541140676571757e+01
4.333487550444912983e+01
4.258111672627091338e+01
4.243899437213816128e+01
4.302004025694652256e+01
4.292401927954556839e+01
4.247037234752249191e+01
4.381646661470765025e+01
4.261449754952450064e+01
4.212082132649986477e+01
4.130473651428597748e+01
4.304421856222751330e+01
4.337529727615829245e+01
4.288087559284446115e+01
4.276572781252799871e+01
4.315635667542965592e+01
4.311196826516733438e+01
4.262812255860890787e+01
4.334265543777074470e+01
4.281675173000314771e+01
4.356568281418876865e+01
4.311377156298647151e+01
