# AGNs_file: data/AGNs-2018-04-26.dat
# Using datacube fitting map to calculate the L[O III] 5007
plateifu LO3 LO3_err_low LO3_err_up LO3_redcorr LO3_redcorr_err_low LO3_redcorr_err_up outflow_strength outflow_strength_err
7495-1902 39.56336296346752 0.0010447198486210698 0.0012314405762298404 39.61264391622915 0.09470564148866494 0.487900378038235 0.0008122011988123615 0.000642647513874855
7815-6104 42.50973134777506 7.344580260656296e-05 7.510125187296896e-05 42.614587095561824 0.01732007700436971 0.48294102174753645 0.2109876083165601 0.0001564459240877599
7991-6104 40.31415333909951 0.0004581809592174227 0.0004581809592174227 40.645239706490386 0.09353228030153601 0.43429448190325176 0.0286413028767007 0.0007636506858569798
7991-3702 39.926309813304755 0.0010779933114564105 0.0010966975162226853 40.308658083675425 0.06260460565451664 0.44809692193168954 0.0938982167901008 0.0022476773934786694
8132-6101 41.14247281005845 0.001795307158512458 0.0018292539364707975 41.65982100451615 0.08428791909194677 0.46596563172221594 0.2444263380045781 0.00462874207730299
8247-6101 39.61327875512109 0.0014011327045756682 0.0019212646799609875 39.869458125736344 0.07374977902508748 0.7345249185855782 0.01744578796203012 0.0013569868259914867
8137-3702 41.75490205015135 0.000530421695151633 0.0005324998327821049 41.99049666112112 0.053102526386765034 0.4372513422445003 0.06841615271027977 0.0010238132690531918
8141-1901 40.69349218506319 0.0002939021465519905 0.0002940147295303942 40.975707558238106 0.041315930622157 0.4343640687693095 0.02276235441258634 0.0004128657153980654
8143-6101 41.81004097664833 0.000449541749720499 0.00045959709853777864 42.11599376863103 0.06427587482419164 0.4576806545347374 0.1051929363396064 0.0009196230157252742
8256-12704 41.68563552473129 0.0005981780457404721 0.00060507060576204 41.83331240699468 0.03603815316930024 0.44208517554989407 0.19011498562256457 0.0013858065083836007
8249-3704 40.21451381160702 0.0007476672274614599 0.0007727630906628951 40.85675733014484 0.29893740004295405 0.4387200393078299 0.13067125094470336 0.001626331713748115
8319-12705 39.97730368702481 0.0036474893775351683 0.004345213937007233 40.628937641506354 0.11861552897480934 0.7994490990955673 0.27944176480072835 0.010506019894157705
8341-12704 40.70080738108053 0.00040337079405044 0.0004542023766195935 40.85327591236867 0.033343400141862475 1.011786420837191 0.45848937550567553 0.001649438930953598
8439-6104 40.19183296736363 0.0015787121732376316 0.0015891512500321673 40.60768789765524 0.1373004923032224 0.43609673380672137 0.10613293826948722 0.0029583995131067286
8452-1901 40.073779218496746 0.00048628217252439385 0.0004931972643675848 40.07986566619522 0.0726782210848866 0.4358120593544179 0.002196373253826854 0.00026495903590405083
8483-12703 40.240141213531835 0.0011426028268140447 0.0011462122261806772 40.238972722785746 93.49401080041848 0.4360748233665272 0.0 0.0
8482-12704 40.68412189130858 0.0015346237721215526 0.0015347403526643239 40.8214632342728 20.49215950758693 0.4343907845852681 0.06781666118999594 0.002730453358779533
8549-12701 41.00780627885831 0.0004624367254027601 0.00047754988603920237 41.120337846665926 0.046093224001292135 0.5977215718460237 0.04105111952742548 0.0008275732988979712
8465-12704 40.77747119859639 0.0004517342793001059 0.0004791896170786741 41.000788027896135 0.08540531590896387 0.46506095544038667 0.0005132810370510401 0.00011262400347563415
8552-12701 39.93290993468103 0.001496131371135956 0.0018388189930354062 40.507548354450556 0.07121825422509057 1.0365839003665127 0.13255526271930193 0.0033215341913138577
8552-9102 40.26668414337959 0.005137904963030667 0.005377591101771309 40.3243548228578 0.044198792038965734 0.4825980232699443 0.012133968960577265 0.003431645282191218
8318-3704 40.17990113175362 0.000997914192274898 0.00100382006572559 40.2709271871335 0.10678500879003158 0.4378885162133054 0.11471261917987001 0.002086305973317462
8318-6102 41.50437299554561 0.0012017192530728957 0.0013095000928087636 41.64123070227233 0.06153044403285409 0.4871555026287927 0.09900512438215091 0.0023907658592985308
8464-6101 42.00946447497904 0.00037414838969563626 0.0003831716264932855 42.451124523473354 0.024542552782573498 0.4543810440203452 0.16594536791964895 0.0008081238085801763
8320-3704 40.064394096598484 0.000689721708526786 0.000764268487546636 40.2442673248197 0.06404883301070967 0.5665872523697912 0.03276032110325771 0.0012208503973740047
8550-3704 40.26228792794074 0.001160835756237358 0.001189391779632278 40.45982479068834 0.06754568787233675 0.49585008082611126 0.12323355649113554 0.0024812305216724713
8606-12701 40.566261520281095 0.002080125287251783 0.002163934521022845 40.994920716468094 0.09911356908541552 0.5148054929857468 0.29013520018597316 0.005794847501569723
8314-3704 39.588485804057775 0.003003565770639654 0.003058600492630894 39.781189986370514 0.08377199979785457 0.4485432114295787 0.06954035276190407 0.004719942957071344
8611-3704 39.7172934379175 0.002893906414754733 0.003254650239997583 40.06888405341008 0.0966105085243699 0.6490270762094108 0.17205921543424677 0.006654803543410781
7992-9102 41.58483067777667 0.0009260996050727063 0.0009868209061535045 41.692707623625424 0.09650092032003917 0.48347938052156425 0.3755051682050083 0.0030660873860271745
8603-6101 39.69746801371 0.0026007787912985707 0.0026007787912985707 39.820904287957326 0.10154217326593312 0.43429448190325176 0.0 0.0
8612-12704 41.461030230684 0.0001691063712954788 0.00017189553801483332 41.67836981163951 0.029049858182358664 0.4736187591004247 0.10787290378698365 0.00032815221349251437
8588-12704 40.096742011437726 0.0013791351512528417 0.0015622454404251996 40.71988299220873 0.11356149928338387 0.5070795027634446 0.21883521133656259 0.003515569820498527
8602-12701 40.09374492092974 0.0012246722918968838 0.0012844902410345737 40.33272477163448 0.06253026404935906 0.5105947001499374 0.1254299349062475 0.002471146493890864
8077-6103 40.36860798320757 0.00065434081486803 0.0009275263100574764 40.51807064290647 0.03506708458357947 0.8052616111771326 0.006101399532419489 0.0007428771875283083
8147-6102 39.9114642574414 0.003169331690178392 0.004532650640356285 40.41357094464331 0.10960914100831257 0.6693786390685228 0.017624425235812334 0.0030455731619965167
8146-12705 40.04624191713208 0.002297075230014977 0.00245408878893346 40.19415078490577 0.13361099985087588 0.49978915986927 0.01790649358507325 0.002627331117255525
8084-6103 39.34131223190624 0.002692173889162315 0.003410942488779209 39.996488996063135 0.1285026095396088 0.6212014766403325 0.014800141392774977 0.0020559379297988806
8718-12702 40.82182127336221 0.00047385176657423596 0.0006041591869423499 41.07486370309273 0.03343655911961673 0.7218149634027149 0.220667454537125 0.0011887630000840478
8718-12701 40.47021655651539 0.0008036747633063921 0.0009823627031274144 40.88368546838604 0.05976006072223278 0.5794174451822232 0.028306010934835226 0.0012905667434651151
8725-9102 40.65142836715598 0.0007728312817143271 0.0009030012128240818 41.09985102360559 0.04100099515889882 0.6307032637945107 0.09569721263335206 0.001658992377265829
10001-6102 40.31495774371141 0.0008050678649547685 0.0009005385754900806 40.793642370263825 0.031557768435206655 0.5834127972974338 0.20528853348594106 0.0020217565503229886
8715-3702 42.48874454483062 6.528768262547882e-05 6.52929676635645e-05 42.500533210548745 0.015371288509353022 0.4343755334502154 0.6027094491986554 0.00047370295778662204
8255-6101 40.52732106124442 0.0018941705031694674 0.0019086986166048337 40.797929016430274 0.1266285241089699 0.6177336797211946 0.1240361638869815 0.0038707739176726303
8241-9102 40.57903519639367 0.0010568176071711342 0.0010728483198480727 41.09411257955824 0.1959593179921194 0.43636626746529417 0.024592515404735612 0.0013778114607054073
8241-6102 41.348830354132 0.0001634094029829603 0.00022499020801186443 41.55521125249201 0.01253399905789048 0.8822158533844306 0.18340911981728872 0.00035178272283329395
8720-1901 40.38500152168909 0.00023888820587165168 0.00023888820587165168 40.534213756958586 0.06053890958290143 0.4342944819032518 0.003437015031300793 0.00023514821236421903
8547-12701 40.61354911333048 0.0007161644206225514 0.0008134125201173678 41.268098117019434 0.06107422374257015 0.5274002596239318 0.02072178298690535 0.001005933625650837
8978-12705 39.687852650303725 0.002502834846389396 0.003077354330491468 40.06026112120033 0.05546455738798921 1.3744696938084926 0.12105799554331097 0.0055154551415697575
8978-6102 39.09127657251295 0.004180818234540814 0.004799753305713946 38.998682554740135 33.187099226848346 0.5228783907796883 0.0 0.0
8978-9101 39.88028028391696 0.0013697200425647647 0.001836215844775437 40.13322015711744 0.0901192832792415 0.8197849731753596 0.0 0.0
8979-6102 39.949190679156544 0.0017008815074134793 0.0018169553156736921 40.0766632374755 0.08245041524585678 0.5642238426346929 0.07208633056602906 0.003367183419708503
8948-12704 40.64311909533969 0.001698931111485174 0.0019661636241536857 41.000097504184346 0.054675882639602734 0.6045746867803241 0.4719026804558979 0.007226015705732071
8946-3701 40.50844668512752 0.0016865794149080366 0.001710514252902297 40.81635291107777 0.058713191287256716 0.46108152226478677 0.32315555711976734 0.005231756942516306
8947-3701 40.850743385722936 0.00043771511845643886 0.0004398569606721409 40.97033144047049 0.04777620488696652 0.4477434234041131 0.018788516568816478 0.0006895748942048887
8945-3703 39.86936542461488 0.0024993989186796618 0.0026328404450886634 40.21975285722198 2.058884629946828 0.6199248639037703 0.08961460701755063 0.004640078939149742
8597-3703 40.12281905673849 0.0014409312193257686 0.0014419899020827504 40.32412555158429 0.16776600340694514 0.4344238364109604 0.008426248380186142 0.0010984964820704899
9026-9101 40.65922416033433 0.0005919337255163295 0.0006145565490140795 40.983478707509015 0.051192746545345 0.5129693711057164 0.08129776150880864 0.0011770612135175715
9049-1901 41.549386494166285 0.0008837979436889124 0.000986130803601364 41.95567319616692 0.06287572399122757 0.7656453460066049 0.382887324954758 0.0030071908267232015
9002-12702 40.388858889366674 0.001884065581930526 0.001884065581930526 40.43858965796041 nan nan 0.08037358935657109 0.003635562901879989
9031-1902 40.55642244665621 0.0004476534496154965 0.0004943934064257216 40.643550584248096 0.04710787800778323 0.49305621349008244 0.003293155579695333 0.0003660792112686743
9027-12704 40.925414561649646 0.0003039586539734529 0.00030917008925881973 41.09869391081625 0.03159826289481346 0.465769265365338 0.0471231761426917 0.0005515141869981335
8982-3703 41.37377527917978 0.00021833267916382187 0.00021878065341212493 41.56624722426892 0.047161861884229925 0.4361633434212563 0.273690177643411 0.0005418741294353203
7972-6103 40.46154768654983 0.0012918226521131354 0.001351291726920181 40.48529603827173 0.14690392510716585 0.9650495056048751 0.08217937330439434 0.0024051018504837153
9025-12704 40.334829026209 0.0009596247376832737 0.0011480785278682125 40.6923624558771 0.09350638115417272 0.5231574953608122 0.004654940608509489 0.0006993455510055219
7958-9101 40.49663761614147 0.0003668608337933419 0.00040243793935223896 40.600242830649755 0.06758206718292895 0.5110049702190699 0.0006424859137753576 0.00014968635586502224
9195-3703 40.70549745436944 0.0003158129566558337 0.00038489037906358665 41.05585000889289 0.010706889005033186 0.6509753368535396 0.40367953407410834 0.0011236930527780133
8080-12703 39.6056354030054 0.0016967685754777772 0.002822319494951154 40.15085639804132 0.09440567377145372 0.7470342175179879 0.037894738141125824 0.002707094511647368
9182-6102 41.35755738073123 0.000378373088767605 0.000378373088767605 41.590031387244586 0.026333310460280156 0.4342944819032518 0.11414384428657155 0.0007826684758751731
9193-12701 40.40257983128575 0.00020228403313581137 0.00020385964884187373 40.89336559515572 0.042606876200758995 0.43466955548395186 0.028826083874868423 0.00034776718096379936
8940-12702 40.990051051678826 0.0003403649032643952 0.00036378091366460466 41.56195243702374 0.03523741176307219 0.47375224608970123 0.15788761626983255 0.0007701440918993979
9183-3703 40.88001327244719 0.0003774513660771008 0.00037760310162515996 40.95935055396748 0.025715076781134872 0.4345402045423778 0.8481290753794236 0.015871572903664435
8993-12705 41.6879834818007 0.00011830018418377259 0.0001288121789359594 41.97081980287056 0.013154359901122495 0.5859897579600293 0.15630546416814012 0.00023073368074963372
8992-3702 40.148706526282616 0.0008258156277259919 0.0008784210875018329 40.15175764146273 0.07580737182733324 0.5082991192845677 0.07583061945638746 0.0016564996152035117
9485-12705 40.952243238432146 0.0002785495175680419 0.0003418764915325776 41.261188917584875 0.022725403069211246 0.6280510521002793 0.32670229348671487 0.0008353220270023914
9487-3702 40.823387626812256 0.0004345045100335 0.0004364162837718001 40.931220253646686 0.14553657601049938 0.4350553664212695 0.024191836047466612 0.0007164548335251233
8989-3703 40.483578924099405 0.0005772678961068569 0.0005909909186104758 40.8061532037522 0.05296074284577908 0.44950933300268286 0.10736642142301805 0.0012087719360925418
8984-9102 39.81695215687572 0.0016712114372314142 0.0019233559940341825 39.858984662628956 0.05785027518483075 0.8093164126632348 0.06187000271824499 0.003208755666652498
8983-12701 40.154232856596806 0.0009751621305136549 0.0010477298909070216 40.46322297680516 0.05828691571897467 0.5030019272856747 0.21778873190363127 0.0024636310328593237
8311-6104 40.81768727190991 0.0003048553449096822 0.0004376257080092735 41.47367277673139 0.01987877200784938 0.6308072636054802 0.8327868644382019 0.011229714485242985
8309-12701 40.16304089768377 0.004071564479364694 0.004563969522128132 40.90884077054846 0.12140796203754932 0.7148331762189978 0.4771134081924969 0.017551705817550434
9507-12704 39.77987516421432 0.0015663712823661398 0.001829503877428228 40.65502701018747 0.09733119260003543 0.5381593853934945 0.37629861648443097 0.005090817069693746
9507-12705 40.44493678841943 0.0004579526452237163 0.0004850221632402563 40.68235090100289 0.06103208086501662 0.4827610074784325 0.05432034490555935 0.0008182538178243024
9508-12704 40.52855777281459 0.0020082326313506224 0.002772952662234985 41.04723781200816 0.10597112411554388 0.7466220110113924 0.1957182254281767 0.00486648411631696
9508-3704 40.30517199281095 0.0005040007626283406 0.0005858271816994169 40.788624335299346 0.07419378363627674 0.4973101483042507 0.007980992635684187 0.000785523527608374
9024-12705 40.38360208694355 0.002678726956227516 0.0032571957867794286 40.86689724350048 0.07855556957698528 0.7295107486858217 0.2696964289139386 0.00729771677302654
9488-3702 39.51441023355078 0.0012300254250121768 0.0013190148236767996 39.70349391130945 0.122076895711158 0.457228822767106 0.01716765935828276 0.0016898012698378635
9502-9101 40.375755008007225 0.00319075391967114 0.00336887676622062 40.32750853049645 283.826347614339 0.4981966185284875 0.04604680813175177 0.004693635593852048
9502-12703 41.53642054455979 0.00016074901492628264 0.00016208622867927585 41.93654447790101 0.026106940622234696 0.4872573886337073 0.19741999660356285 0.0003601146412105813
9511-12704 40.82338867062141 0.0005376104209158046 0.0006182864423847541 41.01018756569444 0.05692939574097231 0.5698313681721936 0.0357528439248548 0.0009900536768038925
9511-6104 40.07655071991609 0.002771428573965068 0.0028055085813369182 39.9508799513009 0.1832647422237407 0.43982810674089856 0.409634042337364 0.010016557178758772
8990-12705 40.796239307709364 0.00025831290008264174 0.00026407440766118524 41.00409472317518 0.04142124350921798 0.4594645166245243 0.003109025751446968 0.0002195746044444981
8990-9101 39.404599296726104 0.0025755371864771832 0.0032620127176601894 39.696225236153204 0.2965635906725694 0.5425768695201005 0.005315966624834586 0.001114979311244182
8442-9102 40.25656541194947 0.0006064184299683171 0.000657872811773534 40.56731468270314 0.04062413141699648 0.5225773755501719 0.1095706767715392 0.0012778393598984559
9048-1902 41.24448849534983 0.00031379051137744613 0.00031379051137744613 41.43302240889932 0.019950126618282556 0.43429448190325176 0.12738852620974475 0.0006704295868827254
9095-12701 40.363039969642 0.002313366929129238 0.0027672929946986604 40.694708257517874 0.3712002033219517 0.4949290950530289 0.017096880975350403 0.0021583835336076414
9196-12703 40.71080900943768 0.0015771347375635035 0.0018559602461614348 41.08956299803816 0.18149784744136357 0.4901983037656984 0.08202396192937367 0.003046498598101983
9881-1901 39.58937779582008 0.0012079169635872767 0.0014879841310514426 39.69673281980394 0.06269019491611236 0.5736138405293782 0.0 0.0
9883-12701 40.89354132548523 0.0009891841785774878 0.0010014587433785072 40.94545222590779 0.0768805034844033 0.449914626315636 0.16139498851935133 0.002278628696995619
9888-12701 40.491084482006556 0.0005889007071042831 0.0005962682321911551 40.77336745958525 0.08883744133868847 0.47374078743699294 0.0061715378336121215 0.0005863590394927079
9893-6102 39.07763664948888 0.006165661079016835 0.006400425114135772 38.998076984519074 148.26645269115144 0.4527268050595323 0.0 0.0
8656-12705 39.90364551648002 0.0032494637608992405 0.0048338065460521076 40.72569284400066 0.3890218352553971 0.5169283299540701 0.01976882536695136 0.0032740754623994746
8656-12702 39.99094714721697 0.004728323815860081 0.005074174783324084 40.20420620805833 0.1435764150451691 0.5946710441387422 0.1776652348064752 0.01068826486523724
9498-3703 40.55623189012946 0.00047662905545704445 0.0005189188658053427 40.892594930299694 0.04434478039835787 0.4603529540727893 0.029477854305260863 0.0008335325974049932
10216-3704 39.94589357128803 0.0011094031516684381 0.0011106848323612548 40.30275030792435 0.08622468181210045 0.4348963700492147 0.006082833439454699 0.0009120682070117631
10216-12704 41.111313003000284 0.000400081607333031 0.00040470500001205773 41.32309472547466 0.06902204588460088 0.5051382183587455 0.06290672716863979 0.0007868555431580726
10218-1902 39.77625947595018 0.0023394031258886375 0.00242859474671015 40.47374279165646 0.13494642672460783 0.45356450201937043 0.04721746900858032 0.0038847995433001423
10221-6104 39.52412269183076 0.0027545473910367685 0.0027545473910367685 39.732538623116255 0.12601200064360954 0.43429448190325176 0.11278611154804495 0.0052016100178252835
9503-12701 40.47407976365098 0.0005435219775111775 0.0006748701500834359 41.055987464475244 0.02700196788494756 0.6543638391975151 0.17668262206405946 0.0012746162498009674
9503-6102 41.101628173783865 0.00019110498199054055 0.00020596424141981453 41.217166122694785 0.023502989965273707 0.5088693612172569 0.07667170765712651 0.00036121891317926973
9503-3704 39.68795981808325 0.0038974243042848764 0.004365913143550058 40.14938375950068 0.12196580034908922 0.6067194174748408 0.15721622699659185 0.008751045371363547
9499-12703 39.87399836854658 0.002143746887610875 0.002475222422197738 40.25322400118092 0.09539487407375473 0.5507499780512275 0.10708151259841614 0.004535413947076559
9499-6104 40.29368393526366 0.0009649462014258681 0.0011523217621753833 40.87688948490174 0.06278603675225466 0.5470206262083933 0.14006460965202458 0.0021119301325088426
9499-6101 40.30144499339898 0.0008151573083021826 0.0010689817593497115 40.53639767022155 0.07383016320227623 0.5464808613837312 0.00037866899989525614 0.000112070136127258
10215-1902 39.734823006558514 0.0015310289120112142 0.0017799244680411141 40.061983570862445 0.09874374374649895 0.5028578075569877 0.012490699124160736 0.0013612360661144607
9495-1901 39.38684486087833 0.0010698677265647066 0.001108469923758817 39.47673253951223 0.06694805084687046 0.46528867393777273 0.03430773354593192 0.001980753529676966
8723-6104 40.52665810041734 0.0012550961939994318 0.0012732489325868372 40.61877330786129 82.38637703706652 0.45036599463359855 0.3270252287251064 0.0038200201579921393
9489-6104 40.08049172326623 0.0006529632685934296 0.0007952168976775121 40.41108129503738 0.030644787028392666 0.6696206873723395 0.14982329915010426 0.001510434176073586
8998-12705 40.925664243719 0.000933564257073208 0.001035574917215204 41.093467270368045 0.06620591080533579 0.5446416420679021 0.12814340542772287 0.0020549131961382287
8981-6104 40.87544940761941 0.0009665144705244203 0.001203214573425982 41.13591775479435 0.08379633122066378 0.5868263854347068 0.05731535976881344 0.0019004391605973133
8988-6102 40.36071727104865 0.002323266763615308 0.003388410892601534 41.0115631982041 0.15805809114544217 0.6265386845696882 0.0 0.0
10514-12705 39.785214055549915 0.0009784968244862997 0.0011132506715621372 40.35426381684577 0.1421269319738484 0.5383892480195035 0.03256407338548224 0.0014110258063292803
10514-9102 40.56788573262698 0.00045788325776344727 0.00048165559241111663 41.14837987645566 0.042211553077216836 0.4907484177625195 0.21938717089851692 0.0011158815998654858
10510-12704 39.61613412711689 0.00015426440420910422 0.00015900410764399295 39.76158875651865 0.0173398751480684 0.46808071379557215 0.11473912223071582 0.0003030863257459135
10510-6103 40.32217044024365 0.0007283761504959239 0.0008605658998339874 40.774555168724554 0.10699972411717085 0.48226082661675074 0.08015544171085714 0.0013848913341265744
10493-3704 40.7166562992953 0.0003409171787237859 0.00034553098203083917 41.04996364897349 0.03771274003399253 0.4386738909593929 0.06575706467334212 0.0006484025112546473
9884-3704 40.912927169616054 0.00030086771369970704 0.00031198690169837465 41.16446249819835 0.02655437465369763 0.4633246774880292 0.032361679742468764 0.000535737947427707
10494-12701 40.98451733652568 0.000791450803924316 0.0008518956375290752 41.11671482333468 0.05575448126619552 0.49803977835808566 0.250410469472341 0.0021634513016298164
10508-12703 40.9474803796593 0.00048679797355863846 0.000549075217911928 41.24529815633347 0.026094505854906965 0.5406290868072643 0.23947381071910875 0.0012628362742476554
10508-6101 40.422409659786105 0.0012629685946981355 0.0012629685946981355 40.744201860749534 0.1514248107629027 0.43429448190325176 0.13872905844572458 0.0025329364066861695
10492-12702 40.0149802827457 0.0009956538761023643 0.00114865791559377 40.15505867270403 0.03145149130121469 0.6776731464544766 0.06946774880969582 0.0020949510577018974
10492-6103 40.890140276065736 0.00025091536877894926 0.00025218740763811143 41.64671374653245 0.034866688580222224 0.45353325177418136 0.08710553094813114 0.0004812047384394077
9882-9102 40.75046112739854 0.001017637551534639 0.0010176728786760875 40.95878305389414 0.5011777478028009 0.43433085557180323 0.05585593297031957 0.0020523043367777754
9882-3701 39.848894488079715 0.0018636681529887796 0.002052281195620158 39.942520359239026 0.0778253470002279 0.5487816794125412 0.0026680791196870093 0.0018385135221554304
10503-12703 40.312598445639246 0.0007024116543523415 0.0008342017579507899 40.81729187300381 0.1760393782108064 0.6226538910884111 0.25702566054260295 0.0018461128481826034
9091-3704 41.37309364215651 0.0001705114707210831 0.0001770943890605495 41.36840139276495 0.11556107937000984 0.44233434314745035 0.08920890310800417 0.000307202908788573
9091-12703 40.05736166814396 0.0009477164490434557 0.0010082813540606154 40.566915131113426 0.06099346938851485 0.7480752774147651 0.07093787181852816 0.0018795749696696072
8337-1901 41.50678376114856 0.001383137634328435 0.0014652798481577583 41.70102290590575 0.09795792931543346 0.5763436111901632 0.594519606435287 0.009031950252372738
9885-3703 39.864714471706954 0.001198825998435585 0.0012446517417655486 40.51774942158434 0.14731954111532786 0.4380287904240383 0.020957630059446678 0.0014014100813333572
8334-3703 39.41506053494614 0.002399289204233537 0.0024234246650459332 39.58143112836264 1.1413137091183863 0.4350032474785065 0.029519294755028853 0.003146824645818251
8260-1901 40.04356092832445 0.00041407833186572415 0.0004378863208977166 40.03742550159399 0.03677501202115473 0.8006238839620899 0.001690956811717313 0.00035921188245780373
9892-3703 41.11193289532309 0.0005411714670744149 0.000545258904755038 41.34728031950117 0.11920609341915925 0.44306872281250337 0.10905558615926861 0.0011233185740512435
8324-6104 40.53686616949476 0.0024974511003802704 0.0024984272161841427 41.09762840874787 0.12069138767034178 0.4344961439720737 0.25937723346311825 0.0064706334424046025
8614-12703 40.55873214923895 0.00048234029498803833 0.0004980532967304108 41.03577092714165 0.06987436712951642 0.5095918464082234 0.244115530639938 0.0012330474160604594
8614-3703 40.25192263653252 0.0020586920151204687 0.0020648851532460194 40.66029065452461 0.07158184665084255 0.4453737107963073 0.1809444799950402 0.004581845705666886
9092-1902 40.78354441570315 0.0006123296675341343 0.0006796283523257439 40.97103908064996 0.019717482761417052 0.5502464568459933 0.31035967417144783 0.0018338802940520758
9032-12701 40.62806055566953 0.0009045969202605996 0.001042722651318724 41.397219193836165 0.13788433657314067 0.5073066704080625 0.07977078763204969 0.001764082305702932
9032-12702 41.00043636128778 0.0006229361551396386 0.0006440155793906898 41.1612227898946 0.05657327347158315 0.4990706686419431 0.06783256576952301 0.0011895190216251318
8593-12705 41.41674192293273 0.00031568629216751525 0.0003409261328917459 41.772929118172264 0.0503295606716418 0.8588106937039472 0.35400712389439726 0.000993237546183164
9090-9102 40.20713627320424 0.002857494649504991 0.0035434713997784285 40.417676974975016 0.10984345822534725 0.6510761892206794 0.14105341874655605 0.006061820707930716
9090-3701 40.96405165560109 0.0011989213651875232 0.0016500942135707908 41.36124581330132 0.04375738297466741 0.5060194065064811 0.40004809273258746 0.0033607146074350483
8651-1902 41.07708617133012 0.0005865725116159026 0.0005865725116159026 41.57527234596176 0.585501484673444 0.43429448190325176 0.25013325679713416 0.0015949355541323453
