0.000000000000000000e+00
1.222609274129259793e+00
0.000000000000000000e+00
0.000000000000000000e+00
0.000000000000000000e+00
2.218742171715402389e-01
0.000000000000000000e+00
0.000000000000000000e+00
5.601742656983120128e+00
8.278708138062255140e-01
1.531986513120048965e+00
0.000000000000000000e+00
3.286061548825736089e-01
1.296672617584240461e+00
0.000000000000000000e+00
0.000000000000000000e+00
1.689569394366412425e+01
7.629646936584395522e-01
1.392463575808139842e+00
0.000000000000000000e+00
0.000000000000000000e+00
9.527011652407875175e-01
8.012909373277370406e+00
5.655346031075912272e+00
0.000000000000000000e+00
2.930093034668801999e-01
0.000000000000000000e+00
0.000000000000000000e+00
4.526434247133348521e-01
8.819861665552848340e-01
1.386972025826607613e+01
7.429286656295402969e-01
1.919307891739691907e-01
8.682230081051761639e-02
0.000000000000000000e+00
0.000000000000000000e+00
0.000000000000000000e+00
6.514553603404460436e-01
5.618495370053242510e-01
0.000000000000000000e+00
0.000000000000000000e+00
3.163701085039895000e-01
2.269070741956485193e+01
1.311982443127532871e+00
2.448666047814267444e+00
1.423290937681609858e+00
0.000000000000000000e+00
7.917872588482163243e-01
0.000000000000000000e+00
4.427942865926206562e-01
0.000000000000000000e+00
0.000000000000000000e+00
9.525592724791076549e-01
0.000000000000000000e+00
0.000000000000000000e+00
0.000000000000000000e+00
6.083174208606791922e-01
2.464397395455557027e-01
5.654595735889220265e+00
0.000000000000000000e+00
0.000000000000000000e+00
4.878838415086298452e-01
3.347534802765161999e+01
1.358966302518714464e+01
0.000000000000000000e+00
3.210270293144374065e+00
0.000000000000000000e+00
9.645552521509376254e-01
4.530705095690773021e+01
1.059795181381803508e-01
2.005094907300377371e-01
1.126144689133429022e+00
6.892907956700803362e-01
0.000000000000000000e+00
0.000000000000000000e+00
0.000000000000000000e+00
0.000000000000000000e+00
0.000000000000000000e+00
0.000000000000000000e+00
3.646462602221374194e+00
1.053857681779539313e+00
5.698143502080453615e+00
0.000000000000000000e+00
1.029237771790618261e+00
0.000000000000000000e+00
6.993689920678907157e-01
0.000000000000000000e+00
1.971704293120132512e+00
5.137627183427603939e+00
0.000000000000000000e+00
7.503411043773772215e-01
0.000000000000000000e+00
1.472745746314755300e+00
0.000000000000000000e+00
6.881263938004956726e-01
0.000000000000000000e+00
8.802736254376187786e-01
0.000000000000000000e+00
5.821200828051410481e-01
4.067728874501227998e-01
0.000000000000000000e+00
1.196917659402970013e+00
0.000000000000000000e+00
1.434009371978967495e+00
1.089812481009088785e+00
1.698365035048065463e+00
0.000000000000000000e+00
0.000000000000000000e+00
1.472297771916832199e+00
4.603016898251175437e-01
0.000000000000000000e+00
0.000000000000000000e+00
4.459950958143639732e-01
0.000000000000000000e+00
0.000000000000000000e+00
0.000000000000000000e+00
0.000000000000000000e+00
0.000000000000000000e+00
0.000000000000000000e+00
0.000000000000000000e+00
2.942394372209777842e+00
0.000000000000000000e+00
2.677360337931320999e-01
6.551061613551460716e-02
3.972393062082397175e-01
4.920076456243550611e-01
2.508757959788765479e-01
0.000000000000000000e+00
0.000000000000000000e+00
8.228691388010549446e+00
0.000000000000000000e+00
3.931654877207104715e+00
0.000000000000000000e+00
1.680478104403612949e-01
2.110071899178146193e+00
2.312664559506416140e+00
0.000000000000000000e+00
3.136632295862391562e+00
0.000000000000000000e+00
0.000000000000000000e+00
0.000000000000000000e+00
0.000000000000000000e+00
2.785577759685224919e+00
0.000000000000000000e+00
1.627184524111918495e+00
1.187075441451033164e+00
0.000000000000000000e+00
0.000000000000000000e+00
4.978144719123254736e-01
1.742080399128242618e+01
1.006030389202826614e+00
4.544895270736344806e+00
