6.109051564289647839e+27
7.869246331099167668e+28
2.173557584852836615e+28
1.333974554203768801e+28
1.760033933426062516e+29
2.427365836835522586e+28
1.229958452348901965e+29
2.105770861978552020e+28
2.350786116386566863e+29
2.045191807449500665e+29
1.210613278857745001e+28
4.516158481049671979e+28
7.279412936781424728e+28
7.568769884759946534e+28
6.262031053213720013e+28
8.597377521279886096e+27
5.167143367233375648e+28
1.312468686983373959e+29
6.240828821483499304e+28
3.464732302365995387e+28
1.262631882604976105e+29
2.997714460342878946e+28
1.517327516385362993e+28
1.878160884797348695e+29
1.496377420634472808e+29
7.347187996051964825e+27
2.476065585291381033e+28
1.501572012633321181e+29
1.422901156858162405e+28
1.386527196935519888e+29
1.095581233968813995e+29
1.648302935520615635e+29
4.412252292929377727e+28
4.241037967036065224e+28
4.825858840009015325e+28
3.386157601901063051e+28
1.067150992194623709e+29
5.694315976466224608e+28
1.767835559582289832e+28
6.322795310486497669e+28
5.169118452029963376e+28
3.080150345305085643e+28
2.842396724521835019e+28
4.677036764374708561e+28
5.489735448132901275e+28
7.504974480284521525e+28
5.923579899523038811e+28
8.395273517499298804e+27
8.719142484025085665e+28
5.099847398326347738e+28
4.608004754817084970e+28
1.541496220243532175e+28
4.447005172516921930e+28
9.232294021243288201e+28
3.980002201878476158e+28
1.409023125519266592e+28
2.837344668014059144e+28
7.092973796343608452e+28
7.453247725882468411e+28
1.595609566407012271e+29
1.334772544637754463e+29
1.424457449069413120e+28
4.197223896470613884e+28
1.035136572587076473e+28
6.150855172352429077e+28
8.191494319967821703e+28
9.425920336686356355e+27
2.244836151146336310e+28
7.058604231129755499e+28
7.088892061067066679e+28
2.005322776945167270e+28
8.481431073482897429e+28
3.443741085803649636e+28
8.700089384548148173e+28
1.468701373118786138e+28
7.823776473597742750e+28
3.460113105006362950e+28
2.450595235814664678e+28
2.792793830637457211e+28
3.556223340620070044e+28
5.048630871915520304e+28
6.524882657947733930e+28
4.206437146868352285e+28
2.863890526390828683e+28
1.154890946622898659e+29
3.050560551259339342e+28
1.576594147558389990e+29
8.754602224873655123e+27
7.925240174222550063e+28
1.362096160313706781e+28
1.752531970926379649e+28
2.219234519083602416e+28
3.317802781766740323e+28
1.076092889830269455e+29
1.133503132354407133e+29
8.828103528976097350e+27
