-inf
3.863577510880385546e+01
-inf
-inf
-inf
3.734158489844789841e+01
-inf
-inf
3.974985655340982049e+01
3.898236605036323965e+01
3.788306606869787174e+01
-inf
3.799537474092624478e+01
3.853444788397973042e+01
-inf
-inf
3.998552600953629366e+01
3.830625771589996731e+01
3.831851826538771633e+01
-inf
-inf
3.777761314239656798e+01
3.987382900466126756e+01
3.961952491605939741e+01
-inf
3.747630313219793408e+01
-inf
-inf
3.742406325932768851e+01
3.877730017512262606e+01
3.980340161899322027e+01
3.813077276761519130e+01
3.753025677474837352e+01
3.723615952558309061e+01
-inf
-inf
-inf
3.768236938097430766e+01
3.817227760591965335e+01
-inf
-inf
3.756377682409011953e+01
3.965947031635410980e+01
3.849765215601613022e+01
3.880419175083593331e+01
3.865291841134843054e+01
-inf
3.846350177553403427e+01
-inf
3.744474406397034016e+01
-inf
-inf
3.859584252831920992e+01
-inf
-inf
-inf
3.825237148850329305e+01
3.788185913122263315e+01
3.965462788300112607e+01
-inf
-inf
3.792724995068233795e+01
3.916824507974453695e+01
3.954349584789228089e+01
-inf
3.810762093010732343e+01
-inf
3.844369318892308485e+01
4.015093657140207739e+01
3.692585526895216219e+01
3.784387564173418639e+01
3.820070960506684798e+01
3.839784263443890922e+01
-inf
-inf
-inf
-inf
-inf
-inf
3.887425326411767657e+01
3.848582181331487106e+01
3.898682206853757037e+01
-inf
3.872946323867343921e+01
-inf
3.868306405372644008e+01
-inf
3.910792410035926281e+01
3.922434895322798099e+01
-inf
3.779272249654243154e+01
-inf
3.802709079358589861e+01
-inf
3.799248850210424422e+01
-inf
3.865855957919591646e+01
-inf
3.823941370734727485e+01
3.815691463967697672e+01
-inf
3.876959175770804222e+01
-inf
3.822045042919492630e+01
3.814703242735451738e+01
3.881211902325060237e+01
-inf
-inf
3.867982769362556894e+01
3.774795279727975839e+01
-inf
-inf
3.786216370273443488e+01
-inf
-inf
-inf
-inf
-inf
-inf
-inf
3.923831310396291627e+01
-inf
3.762911934250109169e+01
3.621730146597302991e+01
3.802164844612549643e+01
3.733400240490754385e+01
3.751068535458034603e+01
-inf
-inf
3.948388390807248527e+01
-inf
3.847866161338551905e+01
-inf
3.744065948011643030e+01
3.853262940195726571e+01
3.807671381903860208e+01
-inf
3.923219709253932308e+01
-inf
-inf
-inf
-inf
3.881509319120723944e+01
-inf
3.847814574761987672e+01
3.812151121308504287e+01
-inf
-inf
3.831213867761150738e+01
3.986924524915435342e+01
3.828717568086730694e+01
3.914110736227377174e+01
