3.826929299751558489e+01 2.105114016992026382e+00
3.866402889206074889e+01 2.305234218974100191e+00
3.905876614788974877e+01 2.502710598690008670e+00
3.945350299087333923e+01 2.696910740754848934e+00
3.984823993026411415e+01 2.887140670879162929e+00
4.024297678600616024e+01 3.072766693599455312e+00
4.063771366030583465e+01 3.253512998391262290e+00
4.103245054721796947e+01 3.428645894290124563e+00
4.142718730968368845e+01 3.596221177478146291e+00
4.182192410851285302e+01 3.761407501406971665e+00
4.221666093371153750e+01 3.915556944386825666e+00
4.261139773185176693e+01 4.069706387366680111e+00
4.300613453841354072e+01 4.216533822470119652e+00
4.340087138199388050e+01 4.351735396002557543e+00
4.379560822539620801e+01 4.486936969534995434e+00
4.419034506252695849e+01 4.622138543067429772e+00
4.458508190750337263e+01 4.757340116599871216e+00
4.497981876897284081e+01 4.892541690132309107e+00
4.537455561597547415e+01 5.027743263664743445e+00
4.576929245871714613e+01 5.162944837197184889e+00
