plateifu logR_fsb1 logR_fsb1_err logR_fsb2 logR_fsb2_err logR_fsb2_orig logR_fsb2_orig_err is_limit agn_fraction agn_pixels excess
7495-1902 3.0436671685906425 0.12875717812836793 3.0985158365979877 0.1 2.406845071003468 0.1 1 0.4444444444444444 64 0
7815-6104 4.007560677497659 0.035096352398449736 4.015783955418089 0.03687238635478133 3.9545935991342858 0.04361129042611608 0 0.6081967213114754 742 1
7991-6104 3.261509296605495 0.06918995187122948 3.243025890911482 0.1 2.9904425243189574 0.1 1 1.0 153 0
7991-3702 3.228926761742511 0.07044795099616091 3.200045970387527 0.08167404592091054 3.060845028158181 0.11803508474321611 0 0.8114035087719298 185 0
8132-6101 3.873138042226595 0.07580812118065143 3.9700480552346518 0.1 2.9305395139509782 0.1 1 0.4461538461538462 174 0
8247-6101 3.1485440010977883 0.07792566646502716 3.1803271908700586 0.07681994837701721 3.0310853015156503 0.10807607231078135 0 0.281661600810537 278 0
8137-3702 4.079520194118983 0.048048577688353813 4.091973354185834 0.05197468383272205 4.014843764179034 0.06690255522761522 0 0.9495412844036697 414 0
8141-1901 3.4918061457488467 0.04509587179689072 3.505375460085559 0.049851557449877355 3.467780840154603 0.05612637196948558 0 0.9970414201183432 337 0
8143-6101 4.0846514883555125 0.04545135727276711 4.04830013166585 0.11550321374770409 3.9975699332896157 0.16322785704950726 0 0.6926406926406926 480 0
8256-12704 3.9196904760853633 0.0664223537963803 3.9042783484993193 0.07057996475985226 3.7608231743435576 0.10252517517319808 0 0.8859315589353612 233 0
8249-3704 3.4452684050274436 0.04312051843826623 3.461570547361714 0.1234550966453738 3.4411523737998286 0.1757195707092321 0 0.9090909090909091 490 0
8319-12705 3.521416618596902 0.0813203230284429 3.5107367079121046 0.1 3.3190513635075276 0.1 1 0.08009708737864078 66 1
8341-12704 3.3003649948071088 0.0680424112060481 3.393433679618867 0.07978681676922797 3.130172300396801 0.18503812695208025 0 0.07126348228043143 185 1
8439-6104 3.4057514916401868 0.0664223537963803 3.456442875063812 0.09471275564980444 3.309768078953154 0.17737156005618848 0 0.9372294372294372 433 1
8452-1901 3.182004725750721 0.0759732804860559 3.153248281184812 0.08392603904498375 3.0488097238464853 0.10982835311673966 0 0.9653679653679653 223 0
8483-12703 3.3656641890035357 0.11158955437791887 3.365664189003536 0.11158955437791931 3.1785775456463914 0.17167623750449057 0 0.8305084745762712 98 0
8482-12704 3.535902479979946 0.07801283164004397 3.530033546315848 0.07907423070997655 3.3311991601216073 0.12498830015447948 0 0.9938650306748467 162 0
8549-12701 3.480574195603932 0.06209354655110338 3.5217015132864598 0.05957556869578009 3.3932352806059525 0.08320284854567091 0 0.36180499597099114 449 0
8465-12704 3.8662417668096163 0.033803019479243884 3.9619633744078486 0.2552258846272069 3.9564443123115844 0.292486635786402 0 0.7950530035335689 450 0
8552-12701 3.3004510823542237 0.06356367021527023 3.5640582735751574 0.2923728083760502 3.505651225762107 0.36660364359449726 0 0.25840179238237493 346 1
8552-9102 3.4594708936520533 0.1859825906298648 3.4594708936520533 0.1 3.25212194086593 0.1 1 0.808695652173913 93 0
8318-3704 3.184187074458832 0.07264944946479095 3.1564353892027928 0.08077137617573525 3.0223898745510853 0.11952466046524103 0 0.8663366336633663 175 0
8318-6102 4.003175001720836 0.05605667396974611 3.9912254026510596 0.06233646683556916 3.9202773545867524 0.07626118095910436 0 0.7382413087934561 361 0
8464-6101 4.0205860800028 0.05243870036556339 4.058049025246822 0.05473597599215321 3.9180945137322873 0.08579046680134234 0 0.9349593495934959 345 1
8320-3704 3.1720489542200427 0.08311497843320853 3.1925245399298405 0.1 2.8886279036142564 0.1 1 0.1636060100166945 98 1
8550-3704 3.2406685928270904 0.0767818034710451 3.2386718330710154 0.1 2.9552905427059053 0.1 1 0.45555555555555555 287 1
8606-12701 3.5804780016105893 0.07394346001505439 3.6381359687531427 0.06643384199015144 3.1900621658686017 0.3200367523057321 0 0.11801242236024845 209 0
8314-3704 3.185339793635592 0.0940445947764284 3.21936247637404 0.09117773499692108 3.04960205174992 0.14121028659342874 0 0.835820895522388 224 0
8611-3704 3.1944859720338163 0.08334489538599751 3.1853809324290547 0.1 2.87316676981256 0.1 1 0.16329704510108864 105 1
7992-9102 3.9266078732273004 0.0619941968766216 3.951381920066306 0.1102151361426497 3.8387652145780846 0.1903820750444959 0 0.4282238442822384 176 1
8603-6101 3.158621308091838 0.09686593261972128 3.207769379944923 0.0935367240117348 2.969826711977791 0.18128566615092556 0 1.0 182 0
8612-12704 3.6677200739592344 0.03299003882400312 3.3739893170367528 0.1 3.2086219233728444 0.1 1 0.7547956630525438 905 0
8588-12704 3.3131493336887066 0.0661075559110894 3.4014787339645602 0.14058824392172115 3.262979760490994 0.2195315221713207 0 0.20173913043478262 232 1
8602-12701 3.2795751631542607 0.06306375821596437 3.2540693265421945 0.06836369203456244 3.132809764000146 0.0925072640862756 0 0.4227353463587922 476 0
8077-6103 3.4051575943701162 0.08300049499184048 3.3960905743997887 0.1 3.125145949345642 0.1 1 0.0711743772241993 60 1
8147-6102 3.412390285651345 0.10857362047581297 3.5326083835870605 0.1 -inf 0.1 1 0.08208092485549133 71 0
8146-12705 3.283808147325577 0.1471381254983108 3.299994908418852 0.14175502334593398 3.1185748158581044 0.21525762804382506 0 0.5141955835962145 163 0
8084-6103 3.235195326947287 0.09299129531493242 3.2792121559316607 0.1 3.041375300931174 0.1 1 0.4553191489361702 107 0
8718-12702 3.4576566769691754 0.060646496944521136 3.454498157724346 0.1 3.2791986846343875 0.1 1 0.1776061776061776 230 1
8718-12701 3.4777642346295785 0.0740638635251674 3.4796816526753003 0.1 3.2375991477890147 0.1 1 0.14344262295081966 140 1
8725-9102 3.503523979004699 0.06860013588806489 3.501740426264282 0.1 3.11613415266597 0.1 1 0.16767371601208458 111 1
10001-6102 3.314598007754842 0.05670200933837341 3.595864309610709 0.20008277229906948 3.566250352169697 0.22093049707101675 0 0.12628624883068287 135 1
8715-3702 3.709542533607759 0.047251674448644525 3.8939694076411433 0.05816181256246766 3.884709470900024 0.061512438465279 0 0.9964912280701754 568 1
8255-6101 3.52558024924638 0.077492746095777 3.5675490540177264 0.0784649778617247 3.2803872998588233 0.14668170181284185 0 0.8678414096916299 197 0
8241-9102 3.67456831563122 0.06249415007723952 3.847198144582083 0.29800859788272716 3.7934642987199667 0.3570563245986855 0 0.861244019138756 180 1
8241-6102 3.4461976321112933 0.05960980468905924 3.4801022958769683 0.1 3.141439763928069 0.1 1 0.09162717219589257 116 1
8720-1901 3.375418326397746 0.04293702687044383 3.374386776818487 0.05276227622853162 3.345168534745268 0.05636832065355729 0 1.0 339 0
8547-12701 3.558533608379856 0.05535196149698358 3.5833053431953985 0.05990482452019722 3.421935623977533 0.10631582714035431 0 0.35152838427947597 322 0
8978-12705 3.1974510210140275 0.0813203230284429 3.2706176820717845 0.14993406283090766 3.1966505145966075 0.20645376862207104 0 0.06058221872541306 77 1
8978-6102 -3.26395057353054 217147.2409516259 -3.26395057353054 217147.2409516259 -3.26395057353054 217147.2409516259 0 0.6185897435897436 193 0
8978-9101 3.1803488267716227 0.08967017762511338 3.1665605422859895 0.1 2.985436845902522 0.1 1 0.13587604290822408 228 1
8979-6102 3.204528367856922 0.09675394888258862 3.249303521086226 0.10295486307176331 2.902624991440168 0.26391717624120065 0 0.07364341085271318 95 0
8948-12704 3.5858350347396155 0.08334489538599751 3.5822158931128847 0.1 3.0846315844455385 0.1 1 0.09741144414168937 143 1
8946-3701 3.479997332359373 0.07858419322388654 3.5372240025189474 0.1 3.0324313212014267 0.1 1 0.6293103448275862 146 1
8947-3701 3.4539070628447224 0.07419518243212692 3.496099752904007 0.07321961406237278 3.269590109106494 0.13842766939669912 0 0.8926553672316384 158 0
8945-3703 3.3356500303964536 0.0937412251158593 3.2190547563728247 0.17252145370213035 3.0245666254810453 0.3729920177243048 0 0.657243816254417 186 0
8597-3703 3.372370256657553 0.0680424112060481 3.399072889206404 0.1 3.278100339815705 0.1 1 0.9923076923076923 258 1
9026-9101 3.374686794917384 0.05935614594570154 3.4084526492655858 0.1 3.1797101917013286 0.1 1 0.2257834757834758 317 1
9049-1901 3.9969606817269976 0.05787839957360938 4.016943319227238 0.06416648359365687 3.8308443601838 0.11873260548701958 0 0.5 154 1
9002-12702 3.50038072639446 0.07697954910176523 3.4675318147795284 0.1 3.4386750747570547 0.1 1 1.0 203 0
9031-1902 3.453042488264183 0.06758088322306136 3.444797504755465 0.07759367503389666 3.32812818687088 0.10592527431335862 0 0.5994236311239193 208 0
9027-12704 3.453715161459195 0.054541628727320546 3.436656098371896 0.05824283301336648 3.323256066976506 0.0760065887922205 0 0.2898457583547558 451 0
8982-3703 3.508551569440034 0.06501069303336997 3.58165282603249 0.06774605904877506 3.3696559517889746 0.19305938793680733 0 0.9786324786324786 229 1
7972-6103 3.474711873498818 0.06457728841314753 3.450050363205527 0.06950763073137455 3.2274639318631486 0.12864436812082217 0 0.5771513353115727 389 0
9025-12704 3.507911336036713 0.06680409146187674 3.522053594728739 0.0661726892907329 3.3752991647157424 0.10707943811895006 0 0.12348922753547031 235 0
7958-9101 3.4174876779748353 0.06607276246060986 3.4612660473082806 0.18637791271917203 3.381917549162633 0.24060299163426818 0 0.7268518518518519 314 1
9195-3703 3.407874735539323 0.04715051593433193 3.409096380457104 0.1 3.2742868898225095 0.1 1 0.1641337386018237 108 1
8080-12703 3.2644737017717906 0.05561680341802179 3.3263189058954126 0.2950405959712252 3.2889136977499818 0.3399306693180418 0 0.05261151353412123 138 1
9182-6102 3.632785550964923 0.0680424112060481 3.657491423757698 0.1 3.284819517254724 0.1 1 1.0 170 1
9193-12701 3.221703098579844 0.036758474734259736 3.301783823820726 0.039330060288658486 3.3023857972718096 0.03879307650420013 0 0.990521327014218 1254 1
8940-12702 3.36343948143898 0.05189246390342211 3.524795376126302 0.0807934056251221 3.5180742222022885 0.0868827861468551 0 0.25107810253953045 524 1
9183-3703 3.4236138144044688 0.039476530964609936 3.3619081509620017 0.05088143898829557 3.3387210042230544 0.05474160948313919 0 0.9959016393442623 729 0
8993-12705 3.4284143371353366 0.04911512076492909 3.584647281775632 0.04888200808675154 3.5402559292239757 0.05735625322913891 0 0.11590992986341823 314 1
8992-3702 3.1926513793849756 0.0759732804860559 3.2131201204315483 0.07839264230192834 2.7612509083371126 0.41371792284995246 0 0.3209700427960057 225 0
9485-12705 3.3834730871140954 0.05980978596930638 3.777733529198968 0.1 3.777733529198968 0.1 1 0.03841676367869616 99 1
9487-3702 3.4756539221416287 0.0801649097542521 3.457300720160749 0.1 3.1136264693602356 0.1 1 0.9294117647058824 237 0
8989-3703 3.2636603830887028 0.06457728841314751 3.3097544994225947 0.06105204213207527 2.975051049540299 0.16896942585071145 0 0.55 253 0
8984-9102 3.1304726523431934 0.0890342189185523 3.1418811814805525 0.10401643281957727 2.9320024212596842 0.14789764168720876 0 0.18191603875134554 169 0
8983-12701 3.1986456752914196 0.07199326088897992 3.2019938778135533 0.0973812586724046 2.890203994994842 0.255906980013356 0 0.06003159557661927 114 1
8311-6104 3.3256846938976583 0.055794777188959435 3.3314370227867496 0.1 2.6409551286762496 0.1 1 0.11655011655011654 150 1
8309-12701 3.5411615858652974 0.08628058328189604 3.5411615858652974 0.1 3.161844874813721 0.1 1 0.24475524475524477 105 0
9507-12704 3.15471533559862 0.05717111894124876 3.1616641955539477 0.1 2.9375114910280273 0.1 1 0.5780487804878048 711 1
9507-12705 3.319104793394038 0.060541207887325796 3.2951044512198657 0.07033010744069672 3.173079432076475 0.10533952673512624 0 0.31094527363184077 250 0
9508-12704 3.576561980568567 0.0948950541166554 3.606297167982828 0.1 3.0229866126677045 0.1 1 0.04715248009797918 77 1
9508-3704 3.291455380430694 0.06579572781716916 3.324955001841831 0.1 3.0654900646195054 0.1 1 0.22118380062305296 142 1
9024-12705 3.52067843423116 0.08066714774307389 3.5324556220199703 0.15136558794152943 3.2927243182420325 0.29500020402929344 0 0.07120743034055728 115 1
9488-3702 3.0191462210111406 0.09823024152985818 3.1152912488458533 0.08350566624904864 2.5904627540073846 0.4230890424093219 0 0.7281879194630873 217 0
9502-9101 3.6478599601056017 0.08610305121753001 3.893189805571481 0.1 3.6478599601056017 0.1 1 0.8288288288288288 92 0
9502-12703 3.375525926532738 0.05406470657844908 3.403238914399771 0.1 3.043087466617133 0.1 1 0.8463855421686747 1124 1
9511-12704 3.473355342309441 0.07044795099616091 3.5030260129766613 0.1 3.2373879924015214 0.1 1 0.10175438596491228 232 1
9511-6104 3.269115147509683 0.11284336959564828 3.2567412483295843 0.1 3.0315323699059613 0.1 1 0.8396946564885496 110 0
8990-12705 3.459130162169823 0.05783040753416196 3.4895301266583205 0.07772882720979017 3.4670610326379956 0.08924210263810306 0 0.5318681318681319 242 1
8990-9101 3.127729042727138 0.09884278838747068 3.190803815305113 0.10007573270706348 2.716072492693806 0.4677904468198565 0 0.4931506849315068 252 0
8442-9102 3.2152153650664577 0.06292644043867607 3.2152153650664577 0.1 3.005177576483088 0.1 1 0.17993874425727413 235 1
9048-1902 3.5989898415743324 0.05644867868282125 3.618000112541517 0.05610666362281166 3.423997455390483 0.09581901537594834 0 1.0 351 0
9095-12701 3.570490346449154 0.10389372304151066 3.700546699104703 0.1 1.9831536119418982 0.1 1 0.22727272727272727 65 1
9196-12703 3.6448221823857985 0.08205114292494035 3.646945876015654 0.1 3.180290054974156 0.1 1 0.20027434842249658 146 1
9881-1901 3.1083491690845046 0.09846137150992842 3.142683686515405 0.11881076741233239 2.787646400284439 0.2640624291389906 0 0.49047619047619045 103 0
9883-12701 3.5644807115100527 0.07875279074774086 3.597435164692297 0.08911555615805665 3.373982426600417 0.14582343658256794 0 0.5486284289276808 220 0
9888-12701 3.4601534198200565 0.05152443224453259 3.523975052068623 0.06339779118099045 3.473805463939743 0.07574052141377527 0 0.7801120448179272 557 1
9893-6102 -3.0583177923724567 217147.2409516259 -3.0583177923724567 217147.2409516259 -3.0583177923724567 217147.2409516259 0 0.911504424778761 103 0
8656-12705 3.641703836809756 0.05942695252743636 3.6599651537840723 0.05697996036454236 3.587878724501047 0.06726800876369576 0 0.09035779260157671 149 0
8656-12702 3.3960896905595406 0.10940152389992046 3.390375207035111 0.1 3.236704125006712 0.1 1 0.10032894736842106 122 0
9498-3703 3.402656698060058 0.05174462212591949 3.3864890652325244 0.05513679548898968 3.0288557332499964 0.18189717214200946 0 0.6018376722817764 393 0
10216-3704 3.247303796751889 0.07264944946479095 3.283857001965687 0.07592620470026254 3.005698252119168 0.16700596134115436 0 0.9900497512437811 199 0
10216-12704 3.6539390699072807 0.04448942378551279 4.084478299958642 0.1433149573852015 4.088181546769569 0.14299962697985724 0 0.7557117750439367 860 0
10218-1902 3.361547644481706 0.07080555480832418 3.5985603353623685 0.1 3.5735864507249855 0.1 1 0.8376623376623377 129 1
10221-6104 3.1511333923146245 0.07875279074774086 3.1424934773014175 0.1497137755863856 3.0355020179699794 0.19412938583058503 0 1.0 262 0
9503-12701 3.383358391325029 0.053994945666734934 3.376296536837542 0.1 3.2159359726189494 0.1 1 0.08581524482584553 170 1
9503-6102 3.34390536112772 0.05960980468905924 3.3233836939831187 0.1 3.0667079744703742 0.1 1 0.2894736842105263 297 1
9503-3704 3.2719040099466445 0.10461520722929896 3.363351127253199 0.1 2.403576129213913 0.1 1 0.2933104631217839 171 0
9499-12703 3.3136454106464592 0.08125452988683414 3.3136454106464592 0.1 3.012615414982478 0.1 1 0.03795546558704453 75 0
9499-6104 3.421777768567354 0.047205620185049355 3.424796035109911 0.050970230093438075 3.3234485366364295 0.07071836263671186 0 0.2957042957042957 296 0
9499-6101 3.4403978757744875 0.07341418051178875 3.471274442247557 0.1 3.2408255208692833 0.1 1 0.29493087557603687 192 0
10215-1902 3.284261110064661 0.09225326916163931 3.264843958507922 0.10147218654349609 3.0431724464926586 0.23864356363583009 0 0.5130434782608696 177 0
9495-1901 2.900558024048969 0.08887663623020087 2.888872265723774 0.1 2.591772563688225 0.1 1 0.7563025210084033 90 1
8723-6104 -3.038154446630915 217147.2409516259 -3.038154446630915 0.1 -3.038154446630915 0.1 1 0.923728813559322 109 0
9489-6104 3.0768681436274172 0.07494820816427387 3.0752446109632037 0.1 2.481242262304865 0.1 1 0.07356507679870655 91 1
8998-12705 3.6320682945343266 0.0753983475526479 3.7247320484712008 0.1 2.944680162748123 0.1 1 0.04473197781885398 121 0
8981-6104 3.6010941751534276 0.07970682455565634 3.592390587631549 0.1 3.212530859077056 0.1 1 0.23086574654956085 184 1
8988-6102 3.6529261852800956 0.07251306782680648 3.6418101803746343 0.1 3.5388260196543846 0.1 1 0.39670468948035487 313 1
10514-12705 3.196867158912103 0.06680409146187674 3.256350193443622 0.06399783874538978 3.078013421551728 0.09457188503534629 0 0.4377358490566038 232 0
10514-9102 3.0951728214276595 0.05935614594570153 3.0967101486325888 0.1 2.6087115404538537 0.1 1 0.44 550 1
10510-12704 2.527647062354981 0.04963948148483937 2.666246563373282 0.07508713538612426 2.6221396165897786 0.0903881363927323 0 0.06041512231282432 163 1
10510-6103 3.233666688240832 0.05103180840453607 3.233666688240832 0.1 3.0851487655551715 0.1 1 0.38386308068459657 471 1
10493-3704 3.3999572091700765 0.05605667396974611 3.3929579535500665 0.0592445364436003 3.21643976696902 0.09545587629731178 0 0.9151193633952255 345 0
9884-3704 3.399566723990762 0.05207845839769961 3.4413704700073886 0.050646229705743784 3.3501005376004427 0.06564768737628808 0 0.701048951048951 401 0
10494-12701 3.836530259888994 0.041513971122737664 3.8425206235781815 0.1 3.816470465960026 0.1 1 0.3620933521923621 256 1
10508-12703 3.5404998533329888 0.060646496944521136 3.582289050581655 0.06528589634876028 3.3619753005316015 0.12975827684753383 0 0.0862173649058895 142 1
10508-6101 3.4350091506307763 0.05057745019826716 3.406617238955593 0.11219567726262844 3.361120305910538 0.17012249271339863 0 1.0 518 0
10492-12702 3.1772157223920243 0.08099241850010241 3.2604585346187434 0.07315301066395083 1.6111971870845885 0.634458991805974 0 0.059654631083202514 76 1
10492-6103 3.514745085078123 0.0380045247252516 3.5364742340870583 0.12132614529417295 3.4827051534990496 0.21031073981943602 0 0.9345156889495225 685 0
9882-9102 3.548980321096259 0.0700939411921601 3.621787573594497 0.1000702992174218 3.435931221575281 0.18109414890003367 0 0.9945054945054945 181 1
9882-3701 3.2123128224292046 0.08236899032289223 3.225734285027001 0.13253025131929058 2.7253558540634755 0.48486187482207344 0 0.6920077972709552 355 0
10503-12703 3.379265459966903 0.051661830730518006 3.8300534621322875 0.0940189576737166 3.828819362635341 0.09634929355748657 0 0.24198473282442748 317 1
9091-3704 3.63766845361648 0.041833338783392626 3.611624448944764 0.170979397605975 3.520246741243704 0.26905158582150773 0 0.8038194444444444 463 0
9091-12703 3.2746078368239395 0.07853994536734157 3.2596821588940443 0.1 2.8367398812519506 0.1 1 0.2208955223880597 148 0
8337-1901 3.8663694727290445 0.08002438162559919 3.928091483819088 0.14501032067508518 3.578104717921156 0.31083582651789576 0 0.48756218905472637 98 1
9885-3703 3.2312614178213375 0.08157131167976528 3.324601168357935 0.1 2.600325298757146 0.1 1 0.7559808612440191 158 0
8334-3703 3.1421151816460773 0.08101964284245537 3.3132301935839927 0.2920505627709807 3.2050275961574144 0.4424170641335176 0 0.9315789473684211 177 1
8260-1901 3.080410374411776 0.08809701661414648 3.0746580455226846 0.1 2.646754813473204 0.1 1 0.4919786096256685 92 1
9892-3703 3.5955997769214645 0.06706103027519164 3.6404715576585964 0.07028288579176657 3.4130080661277113 0.12909623328739375 0 0.8744769874476988 209 1
8324-6104 3.8650282164422705 0.03481780991909696 4.10707858282767 0.395072176312316 4.074477603975212 0.45709823765793606 0 0.9748201438848921 542 1
8614-12703 3.305391609001548 0.058607959232100264 3.337054617256886 0.1 3.0257246649530924 0.1 1 0.6218181818181818 513 1
8614-3703 3.397113001433675 0.06493805538752263 3.393448302495724 0.06862507701535993 3.256097872626845 0.09925458759468482 0 0.94921875 486 0
9092-1902 3.555849333927896 0.05791845382936966 3.557349489070304 0.1 3.4294052423222787 0.1 1 0.5223463687150838 187 1
9032-12701 3.56177553523627 0.05503746171575071 3.6769427993964143 0.20508944302254387 3.5775144437696866 0.26865800934856565 0 0.11128608923884514 212 1
9032-12702 3.5696493334149944 0.0664223537963803 3.57309554047954 0.06957787836291354 3.385580546956838 0.12392355446927916 0 0.41493383742911155 439 0
8593-12705 3.7662049104633857 0.035096352398449736 4.108083180982821 0.06763777334808756 4.105029386460975 0.06901002955737753 0 0.38667632150615494 534 1
9090-9102 3.4382627089760596 0.08628058328189604 3.4314943462935608 0.1 3.2996800917012132 0.1 1 0.3154121863799283 264 0
9090-3701 3.540498598120147 0.05915414859038892 3.5626612882929085 0.1 3.270189096264193 0.1 1 0.6422287390029325 219 1
8651-1902 3.351137591422767 0.10621264541636105 3.5809137094412247 0.1 3.351137591422767 0.1 1 1.0 278 0
