# log(L[OIII]) log(L[OIII])_err log(R16) log(R16)_err is_limit
39.6564 0.2926 3.0437 0.1000 1
42.6151 0.2501 3.9546 0.0436 0
40.6063 0.2506 3.2615 0.1000 1
40.4314 0.2491 3.0608 0.1180 0
41.7243 0.2752 3.8731 0.1000 1
39.9276 0.4108 3.0311 0.1081 0
42.0036 0.2452 4.0148 0.0669 0
40.9711 0.2371 3.4678 0.0561 0
42.1203 0.2610 3.9976 0.1632 0
41.8358 0.2390 3.7608 0.1025 0
40.8796 0.3224 3.4412 0.1757 0
40.6221 0.4590 3.5214 0.1000 1
40.7687 0.2832 3.3098 0.1774 0
40.0402 0.2538 3.0488 0.1098 0
41.1280 0.3233 3.3932 0.0832 0
41.0652 0.2753 3.9564 0.2925 0
40.4600 0.2650 3.4595 0.1000 1
40.2451 0.2736 3.0224 0.1195 0
41.7778 0.2743 3.9203 0.0763 0
42.5409 0.2395 3.9181 0.0858 0
40.2293 0.3153 3.1720 0.1000 1
40.3910 0.2868 3.2407 0.1000 1
40.9494 0.3104 3.1901 0.3200 0
39.8483 0.2638 3.0496 0.1412 0
40.1337 0.3765 3.1945 0.1000 1
41.6867 0.2900 3.8388 0.1904 0
39.7612 0.2598 2.9698 0.1813 0
41.6838 0.2513 3.6677 0.1000 1
40.7074 0.3105 3.2630 0.2195 0
40.2719 0.2940 3.1328 0.0925 0
40.5256 0.4202 3.4052 0.1000 1
40.3811 0.3895 3.4124 0.1000 1
40.1779 0.3184 3.1186 0.2153 0
40.0298 0.3833 3.2352 0.1000 1
41.0328 0.3776 3.4577 0.1000 1
40.8731 0.3199 3.4778 0.1000 1
41.1208 0.3359 3.5035 0.1000 1
40.8605 0.3075 3.5663 0.2209 0
42.5006 0.2249 3.8847 0.0615 0
40.8477 0.3779 3.2804 0.1467 0
41.1336 0.3166 3.7935 0.3571 0
41.4839 0.4474 3.4462 0.1000 1
40.5083 0.2467 3.3452 0.0564 0
41.3676 0.2953 3.4219 0.1063 0
40.0448 0.3261 2.9026 0.2639 0
41.1075 0.3296 3.5858 0.1000 1
40.8960 0.2599 3.4800 0.1000 1
40.9695 0.2477 3.2696 0.1384 0
40.2975 0.3151 3.3724 0.1000 1
40.9059 0.2936 3.3747 0.1000 1
42.0642 0.4143 3.8308 0.1187 0
40.7211 0.2701 3.3281 0.1059 0
41.1339 0.2489 3.3233 0.0760 0
41.5689 0.2417 3.3697 0.1931 0
40.6195 0.3143 3.3753 0.1071 0
40.6351 0.2893 3.3819 0.2406 0
41.1792 0.3308 3.4079 0.1000 1
39.9911 0.4432 3.2889 0.3399 0
41.5868 0.2303 3.6328 0.1000 1
40.8426 0.2339 3.3024 0.0388 0
41.5586 0.2547 3.5181 0.0869 0
41.0355 0.2301 3.3387 0.0547 0
41.9580 0.2996 3.5403 0.0574 0
40.2067 0.2924 2.7613 0.4137 0
41.2454 0.3254 3.3835 0.1000 1
40.8990 0.2441 3.4757 0.1000 1
40.7660 0.2505 2.9751 0.1690 0
39.9832 0.4382 2.9320 0.1479 0
40.4561 0.2809 2.8902 0.2559 0
41.4626 0.3253 3.3257 0.1000 1
40.9052 0.4183 3.5412 0.1000 1
40.7124 0.3240 3.1547 0.1000 1
40.6688 0.2725 3.1731 0.1053 0
40.9804 0.4263 3.5766 0.1000 1
40.7285 0.2897 3.2915 0.1000 1
40.8912 0.4045 3.2927 0.2950 0
39.6180 0.2833 2.5905 0.4231 0
41.9318 0.2589 3.3755 0.1000 1
40.9690 0.3184 3.4734 0.1000 1
40.0741 0.3129 3.2691 0.1000 1
41.0079 0.2504 3.4671 0.0892 0
39.6461 0.4217 2.7161 0.4678 0
40.5787 0.2821 3.2152 0.1000 1
41.6104 0.2271 3.4240 0.0958 0
40.8151 0.4331 3.5705 0.1000 1
41.1100 0.3358 3.6448 0.1000 1
39.7861 0.3196 2.7876 0.2641 0
40.9369 0.2603 3.3740 0.1458 0
40.6977 0.2838 3.4738 0.0757 0
40.7194 0.4557 3.5879 0.0673 0
40.2799 0.3767 3.3961 0.1000 1
40.9476 0.2524 3.0289 0.1819 0
40.2499 0.2574 3.0057 0.1670 0
41.3906 0.2873 4.0882 0.1430 0
40.5701 0.2825 3.3615 0.1000 1
39.7295 0.2818 3.0355 0.1941 0
41.0550 0.3407 3.3834 0.1000 1
41.2158 0.2664 3.3439 0.1000 1
40.1928 0.3664 3.2719 0.1000 1
40.2413 0.3231 3.3136 0.1000 1
40.9656 0.3049 3.3234 0.0707 0
40.5763 0.3104 3.4404 0.1000 1
40.1781 0.3011 3.0432 0.2386 0
39.5685 0.2661 2.9006 0.1000 1
40.4053 0.3501 3.0769 0.1000 1
41.0825 0.3054 3.6321 0.1000 1
41.1008 0.3358 3.6011 0.1000 1
40.9898 0.3929 3.6529 0.1000 1
40.2367 0.3563 3.0780 0.0946 0
41.1397 0.2669 3.0952 0.1000 1
39.7597 0.2427 2.6221 0.0904 0
40.8233 0.2949 3.2337 0.1000 1
41.0603 0.2382 3.2164 0.0955 0
41.1720 0.2450 3.3501 0.0656 0
41.1727 0.2769 3.8365 0.1000 1
41.2883 0.2834 3.3620 0.1298 0
40.5925 0.2454 3.3611 0.1701 0
41.6613 0.2442 3.4827 0.2103 0
40.9504 0.2712 3.4359 0.1811 0
39.9509 0.3386 2.7254 0.4849 0
40.7908 0.4662 3.8288 0.0963 0
41.3940 0.2789 3.5202 0.2691 0
40.6414 0.4239 3.2746 0.1000 1
41.6978 0.3372 3.5781 0.3108 0
40.4780 0.2706 3.2313 0.1000 1
40.0828 0.4187 3.0804 0.1000 1
41.3447 0.2810 3.4130 0.1291 0
41.1439 0.2779 4.0745 0.4571 0
40.9977 0.3041 3.3054 0.1000 1
40.6494 0.2582 3.2561 0.0993 0
41.1611 0.2850 3.5558 0.1000 1
41.4678 0.3223 3.5775 0.2687 0
41.1566 0.2778 3.3856 0.1239 0
41.7736 0.4546 4.1050 0.0690 0
40.3947 0.4033 3.4383 0.1000 1
41.3854 0.2750 3.5405 0.1000 1
41.4450 0.2482 3.3511 0.1000 1
